473,922,204,726
1138,937,217,726
1862,930,194,726
1890,915,210,726
1948,917,195,726
2529,914,200,726
3307,932,213,726
3352,915,192,726
3783,920,198,726
6660,926,215,726
6754,913,197,726
6831,936,190,726
8793,925,204,726
9038,924,188,726
10214,926,199,726
13659,912,191,726
14091,916,218,726
15564,918,197,726
16859,933,208,726
18091,925,210,726
21175,919,194,726
21535,930,202,726
21625,929,195,726
22379,910,200,726
22624,909,197,726
24859,910,196,726
25175,929,207,726
31595,930,215,726
31777,918,189,726
32159,929,190,726
32593,910,208,726
33199,914,216,726
34524,907,211,726
34711,916,218,726
37092,921,189,726
38094,914,202,726
38439,931,208,726
40002,918,203,726
40219,918,218,726
41668,919,217,726
46340,911,203,726
46358,912,205,726
46901,929,210,726
47125,912,213,726
47412,916,201,726
50659,937,210,726
50813,934,190,726
50861,932,207,726
51341,916,193,726
51612,915,202,726
53857,920,208,726
53974,924,192,726
54228,931,188,726
54754,907,193,726
55222,914,215,726
55890,937,203,726
56505,918,204,726
58534,929,199,726
58750,914,202,726
59044,932,218,726
59158,931,202,726
60817,924,215,726
61454,911,210,726
62175,914,218,726
62440,935,205,726
63259,918,214,726
63830,912,208,726
64566,930,190,726
64770,923,191,726
65991,911,212,726
66093,931,189,726
66770,925,197,726
66892,935,202,726
66925,926,201,726
67128,925,207,726
67789,925,207,726
68378,922,188,726
69186,934,217,726
69637,936,204,726
70781,927,192,726
72045,926,210,726
75875,919,196,726
76124,928,207,726
77276,912,200,726
78341,931,195,726
78372,921,194,726
79147,924,209,726
80532,935,198,726
80658,937,200,726
81226,924,188,726
83088,924,205,726
83127,911,191,726
84383,917,211,726
84428,923,197,726
88563,926,198,726
91388,933,194,726
91756,927,198,726
92226,907,202,726
94303,914,194,726
95730,933,204,726
96945,928,206,726
100523,931,217,726
100770,907,218,726
102100,909,212,726
102765,923,197,726
103365,919,202,726
103384,912,189,726
105569,921,202,726
107258,937,213,726
107841,924,199,726
108920,929,211,726
108998,907,206,726
109899,907,192,726
110590,916,197,726
111030,917,217,726
112232,933,217,726
112833,937,212,726
113746,909,206,726
116058,936,207,726
118400,911,218,726
120177,911,202,726
120413,910,195,726
121166,920,212,726
122229,915,193,726
123247,925,209,726
123352,925,206,726
124414,929,200,726
124744,920,205,726
126053,931,211,726
126251,920,213,726
126737,918,195,726
126858,935,197,726
126891,937,212,726
127054,928,190,726
127529,937,189,726
127812,921,210,726
128455,918,214,726
129855,935,203,726
130016,918,217,726
130361,923,200,726
131132,918,203,726
132142,920,188,726
133336,914,198,726
134801,922,217,726
135255,918,196,726
137981,935,194,726
138096,923,209,726
138431,934,194,726
139466,923,192,726
141088,915,206,726
142174,926,215,726
143783,920,211,726
144279,936,192,726
144328,916,217,726
144655,912,196,726
146985,909,210,726
147235,931,197,726
150868,935,209,726
151303,937,207,726
152574,910,190,726
155534,932,211,726
155641,926,197,726
156409,933,202,726
156893,911,212,726
157895,919,214,726
160107,926,201,726
160553,931,217,726
160985,919,210,726
161368,914,213,726
161428,923,196,726
162070,913,195,726
162098,911,217,726
162851,931,200,726
163390,931,207,726
163588,914,211,726
165524,917,218,726
165692,925,217,726
166161,918,193,726
166965,930,204,726
167047,914,191,726
169586,928,199,726
169974,917,194,726
170291,929,192,726
171244,910,201,726
171260,921,214,726
172036,912,211,726
173331,907,209,726
174474,911,216,726
175930,914,203,726
176906,933,203,726
178092,933,210,726
178962,921,201,726
179566,917,204,726
180515,919,200,726
181136,931,210,726
181165,929,196,726
181197,926,201,726
181472,917,207,726
182176,920,198,726
183233,910,201,726
188252,927,201,726
189317,911,188,726
189799,925,193,726
190539,922,200,726
191732,932,190,726
193651,917,210,726
193681,922,193,726
193696,908,205,726
194005,915,210,726
194147,907,218,726
196807,914,200,726
197942,923,218,726
199276,935,213,726
200302,927,211,726
200706,926,200,726
202769,916,201,726
203121,934,207,726
203485,936,197,726
204242,929,207,726
204353,919,205,726
207536,917,203,726
209994,930,191,726
212005,921,212,726
213175,935,205,726
213455,909,211,726
213762,924,195,726
217627,935,191,726
217890,911,194,726
218475,925,193,726
219476,935,206,726
220532,931,210,726
220867,912,218,726
222572,909,194,726
222865,925,195,726
223800,925,205,726
223824,930,189,726
224062,911,208,726
225108,917,193,726
225506,926,195,726
226070,925,191,726
226753,919,208,726
227098,935,210,726
228439,935,200,726
229899,933,213,726
231189,922,214,726
231896,923,192,726
234096,926,214,726
235012,924,188,726
235958,907,211,726
237828,934,193,726
238070,925,216,726
239608,922,199,726
239610,910,201,726
240828,932,198,726
241489,934,206,726
243407,936,216,726
245405,911,217,726
245571,931,188,726
245700,908,205,726
247328,937,198,726
248261,930,212,726
248341,924,194,726
249941,921,195,726
251128,907,215,726
253882,910,194,726
257001,927,205,726
257437,909,205,726
258980,920,210,726
259343,929,194,726
260140,921,200,726
260944,919,216,726
262099,935,200,726
262546,936,211,726
263537,926,193,726
263920,916,189,726
266293,916,202,726
268444,930,215,726
268898,931,191,726
269437,911,214,726
270579,930,216,726
271150,920,212,726
276431,928,204,726
277490,930,205,726
277709,918,193,726
277783,936,214,726
278161,933,212,726
278738,926,196,726
279479,930,188,726
281646,909,218,726
281996,907,212,726
283135,919,190,726
283559,909,188,726
285058,913,201,726
286670,932,201,726
289126,926,214,726
289948,917,195,726
291405,926,201,726
294007,915,217,726
295954,919,208,726
296081,908,207,726
296878,919,194,726
300302,933,207,726
301864,929,195,726
303527,910,197,726
303543,919,210,726
305697,922,191,726
306414,918,202,726
306828,929,213,726
308453,917,205,726
308778,937,196,726
309887,932,210,726
310397,927,199,726
311976,920,208,726
311987,918,214,726
312477,913,188,726
314047,937,202,726
314220,921,208,726
314634,914,209,726
314767,915,211,726
314775,919,207,726
320001,929,204,726
321079,912,205,726
323405,922,207,726
325098,919,212,726
327337,929,207,726
328583,908,199,726
331014,936,208,726
331682,910,206,726
331813,915,189,726
332493,910,199,726
333974,925,206,726
335863,925,212,726
337828,936,192,726
337842,908,214,726
338280,935,209,726
338731,934,217,726
339748,927,194,726
341212,916,216,726
341436,907,200,726
341948,913,192,726
342746,907,203,726
343301,917,215,726
343412,932,207,726
344370,920,202,726
345249,936,208,726
345364,927,189,726
346565,917,196,726
347247,916,215,726
348779,909,214,726
350389,924,201,726
353441,907,193,726
353573,929,209,726
354084,909,203,726
354943,911,206,726
354951,912,213,726
356621,936,218,726
357090,921,210,726
357425,909,210,726
357500,936,211,726
357602,935,199,726
358208,935,192,726
358717,911,200,726
360018,933,190,726
360278,937,213,726
360547,915,194,726
361567,915,207,726
361873,929,202,726
362521,922,191,726
365139,925,205,726
367596,913,213,726
368112,930,190,726
368752,921,188,726
371157,918,201,726
372064,909,199,726
372165,915,205,726
372605,932,193,726
373775,931,198,726
374768,916,190,726
375148,919,192,726
375610,921,205,726
375622,930,206,726
376596,912,206,726
379026,926,189,726
383752,931,197,726
383753,925,189,726
383818,914,196,726
383919,928,209,726
385496,919,192,726
387770,914,199,726
387854,935,189,726
388729,934,190,726
388835,926,192,726
389824,929,212,726
390112,921,202,726
391063,910,193,726
391195,909,218,726
391196,922,208,726
394032,907,192,726
394259,929,204,726
394640,931,196,726
398313,927,209,726
398557,910,189,726
399005,928,207,726
399454,910,188,726
399668,920,189,726
400444,917,191,726
401450,907,190,726
401773,910,192,726
402541,924,209,726
403447,916,197,726
405142,928,217,726
405459,913,188,726
406408,913,209,726
409423,935,192,726
410091,918,200,726
410410,932,189,726
410879,932,217,726
410990,909,209,726
412034,907,193,726
412666,932,200,726
414780,919,210,726
415539,914,203,726
417610,925,216,726
418966,928,218,726
421680,911,201,726
422272,919,203,726
423956,917,196,726
424175,928,194,726
424207,928,191,726
424829,917,216,726
425023,937,217,726
426661,908,190,726
429018,918,218,726
430012,936,199,726
431613,920,203,726
432062,917,191,726
432428,929,216,726
432624,907,197,726
434087,913,203,726
434304,921,202,726
434519,916,203,726
437572,921,216,726
438686,908,190,726
443721,916,214,726
443899,909,194,726
444456,907,199,726
444900,931,212,726
445583,917,210,726
449512,907,217,726
449533,921,201,726
449545,935,217,726
450909,933,200,726
452800,936,191,726
452850,922,213,726
453660,909,193,726
455489,927,197,726
455953,924,216,726
456034,917,193,726
457080,919,195,726
458576,928,198,726
458647,919,204,726
459393,923,203,726
460392,922,208,726
460791,930,210,726
461704,927,207,726
462979,928,217,726
463888,926,196,726
465018,911,208,726
465138,927,202,726
465365,913,212,726
465894,934,218,726
466094,915,194,726
468237,929,214,726
469728,937,191,726
469920,923,218,726
470169,917,218,726
470485,924,208,726
470981,908,201,726
471903,911,192,726
472271,935,200,726
473098,923,206,726
477217,922,193,726
477953,932,196,726
478839,921,189,726
478916,915,194,726
480129,928,202,726
480899,919,199,726
482448,924,199,726
483540,921,193,726
485273,918,208,726
486107,907,191,726
486884,929,201,726
486937,915,204,726
487119,921,189,726
487267,926,197,726
488879,925,199,726
492233,927,191,726
492701,907,213,726
492738,926,204,726
492859,935,204,726
493458,910,208,726
493962,922,214,726
493996,936,217,726
494017,931,204,726
494632,910,204,726
496092,930,200,726
496221,913,197,726
496355,935,210,726
496470,908,199,726
497707,937,195,726
498419,927,213,726
499349,926,200,726
499974,922,205,726
500180,917,215,726
502321,914,193,726
502950,911,188,726
503659,909,197,726
504037,926,191,726
504418,912,205,726
505950,916,202,726
506498,925,217,726
507534,921,214,726
509160,914,216,726
509316,916,188,726
512141,927,198,726
512148,919,197,726
516122,912,209,726
516347,929,195,726
516923,936,190,726
521322,934,205,726
521898,920,207,726
523477,921,206,726
524336,915,190,726
524498,921,218,726
526025,922,193,726
527437,925,193,726
529942,915,206,726
530103,928,202,726
530283,916,214,726
531623,919,210,726
532008,931,212,726
533444,911,218,726
533715,909,207,726
534341,919,205,726
538211,936,213,726
538634,917,198,726
539003,930,209,726
541019,909,193,726
541554,925,201,726
543446,930,206,726
543934,915,209,726
545048,917,201,726
546310,909,205,726
546641,930,214,726
546935,932,188,726
547557,915,196,726
548025,928,206,726
550253,926,200,726
551820,916,189,726
551928,920,196,726
552053,929,213,726
552100,908,188,726
552938,937,215,726
554129,907,206,726
557594,908,189,726
562196,911,214,726
562811,917,206,726
563147,936,209,726
563622,929,193,726
564108,915,205,726
564213,929,188,726
567928,936,211,726
568134,931,206,726
568236,925,212,726
568308,912,208,726
568462,920,190,726
571013,911,197,726
572232,910,215,726
572265,937,216,726
574715,907,214,726
575400,932,192,726
576361,936,217,726
576432,909,199,726
577207,930,198,726
577393,930,193,726
577467,915,207,726
577699,926,196,726
578029,921,209,726
578229,932,211,726
579138,929,190,726
579439,918,207,726
581679,934,192,726
584160,924,199,726
584725,921,216,726
587198,923,206,726
588342,922,192,726
588592,911,190,726
591534,924,212,726
593795,919,211,726
593827,936,197,726
594903,909,191,726
595898,909,197,726
596384,926,218,726
597477,923,201,726
597629,908,197,726
598814,915,200,726
599401,937,205,726
600910,912,198,726
600993,914,200,726
601293,910,206,726
601501,910,192,726
602225,936,218,726
602748,921,196,726
603296,936,191,726
606118,925,189,726
608161,909,211,726
609795,936,203,726
610732,918,190,726
612278,935,208,726
613222,931,196,726
613460,911,194,726
614742,937,211,726
615928,911,210,726
616923,933,189,726
618838,930,190,726
619419,936,214,726
621401,907,214,726
622640,917,209,726
623202,918,191,726
623398,926,216,726
624201,907,205,726
624910,923,199,726
626999,922,188,726
628598,915,217,726
628723,923,215,726
629382,909,189,726
629416,926,214,726
631520,915,188,726
631717,913,207,726
632427,934,211,726
633393,915,206,726
636150,923,211,726
636523,921,197,726
637133,907,215,726
640530,914,215,726
640779,924,198,726
640952,931,212,726
641776,915,190,726
642718,913,198,726
643976,924,190,726
645122,914,216,726
646687,925,201,726
647232,924,197,726
648060,931,213,726
648485,913,200,726
652273,936,216,726
652547,932,189,726
653801,911,210,726
654499,937,211,726
654918,913,191,726
656858,934,205,726
657488,933,217,726
657652,932,199,726
658835,919,189,726
661313,924,211,726
661349,918,202,726
664212,923,217,726
665416,933,204,726
666530,936,193,726
666851,907,192,726
667610,913,217,726
668994,913,192,726
669083,935,201,726
669196,926,212,726
670222,914,198,726
670320,923,213,726
671671,931,196,726
672421,911,213,726
674927,935,215,726
676629,932,192,726
677325,926,194,726
677764,928,191,726
678480,924,210,726
678781,909,206,726
679043,918,207,726
681258,908,205,726
681414,909,216,726
682169,929,188,726
683730,935,189,726
689931,918,198,726
690323,909,218,726
690735,929,208,726
691240,914,217,726
692181,910,199,726
692502,917,209,726
693840,909,201,726
693979,916,203,726
695734,930,198,726
698276,927,209,726
698296,921,211,726
698989,911,191,726
700204,926,210,726
701851,907,196,726
705321,910,211,726
706001,937,199,726
706951,912,198,726
706979,928,201,726
707575,931,194,726
710001,919,193,726
711577,937,216,726
711822,910,214,726
711837,937,198,726
716030,930,205,726
716427,935,217,726
718114,912,206,726
720177,937,206,726
720625,928,205,726
724148,922,189,726
724602,937,197,726
725132,924,207,726
725957,910,206,726
731231,910,192,726
731926,912,208,726
732545,934,216,726
732893,917,197,726
733521,934,211,726
734322,937,204,726
735998,912,198,726
736129,924,212,726
736525,909,188,726
737182,916,192,726
737673,934,213,726
738326,917,205,726
740708,929,203,726
740906,909,197,726
741460,923,195,726
741871,927,189,726
743672,922,206,726
744630,926,196,726
745024,917,200,726
745220,909,194,726
745730,923,199,726
746336,928,204,726
746424,913,205,726
750793,915,196,726
752837,933,189,726
753720,915,201,726
754588,924,199,726
755302,924,191,726
755587,933,203,726
756181,913,207,726
757299,932,190,726
758027,935,210,726
758657,911,189,726
760915,932,218,726
762833,926,193,726
762925,930,216,726
763402,919,213,726
764709,924,206,726
766259,924,192,726
766926,912,200,726
772556,908,188,726
772682,937,197,726
774319,922,199,726
774816,931,204,726
776577,909,202,726
778000,932,218,726
779354,908,199,726
779929,923,189,726
780201,932,199,726
782761,931,206,726
782804,912,209,726
783645,916,191,726
784645,928,196,726
785122,909,212,726
785324,925,192,726
786614,924,207,726
786833,928,203,726
786876,907,205,726
787671,927,193,726
788632,932,212,726
789676,932,218,726
790648,914,205,726
791604,910,211,726
791646,919,192,726
791660,934,210,726
791964,934,200,726
792413,908,191,726
792714,913,202,726
793243,921,207,726
794226,928,204,726
797022,932,204,726
797246,918,211,726
797468,913,210,726
801913,907,189,726
803200,930,206,726
804997,913,200,726
805211,928,206,726
806541,929,205,726
808629,930,210,726
812226,915,212,726
813932,920,196,726
814507,927,209,726
815337,930,194,726
816138,910,206,726
818713,910,200,726
819233,911,196,726
821052,934,190,726
822412,908,199,726
822870,930,198,726
822926,908,193,726
826204,935,195,726
826465,923,189,726
828356,920,206,726
829514,924,199,726
830446,923,195,726
831401,934,189,726
831558,914,201,726
832502,911,205,726
832902,928,189,726
835625,910,212,726
837246,934,200,726
838682,911,201,726
839364,907,218,726
841500,922,215,726
842571,921,192,726
843506,935,209,726
843864,921,218,726
844366,916,215,726
844993,934,214,726
845872,933,208,726
847581,931,204,726
849406,934,214,726
850309,912,206,726
850739,936,197,726
852965,908,206,726
853151,932,191,726
853976,932,195,726
857866,919,215,726
858468,920,213,726
858628,930,202,726
859246,933,188,726
859485,927,207,726
861918,913,193,726
863876,931,200,726
865030,932,208,726
865882,914,216,726
867672,936,196,726
867709,916,192,726
868115,927,200,726
869712,908,196,726
871681,912,213,726
872622,925,206,726
872928,910,209,726
874566,918,217,726
875304,913,193,726
876380,927,200,726
876968,934,191,726
876971,907,188,726
879101,931,203,726
879468,934,193,726
880334,924,213,726
881468,913,210,726
881756,911,215,726
882548,924,198,726
883504,932,198,726
883523,932,206,726
883923,911,205,726
884718,936,200,726
885155,934,193,726
885261,923,214,726
885583,922,216,726
889119,909,209,726
889456,935,203,726
890644,908,198,726
891275,931,191,726
892248,922,197,726
892689,931,199,726
893180,936,218,726
893455,912,202,726
893529,914,190,726
894120,935,190,726
894297,915,212,726
895519,934,190,726
895622,925,216,726
896050,913,200,726
898580,919,211,726
898779,913,213,726
899076,911,207,726
900036,923,201,726
902355,925,200,726
904072,923,196,726
904977,909,205,726
908282,929,196,726
909065,931,196,726
909288,933,210,726
909700,923,209,726
909915,932,213,726
910019,927,216,726
910332,913,194,726
913376,930,217,726
914328,909,215,726
914918,935,203,726
915132,924,215,726
915705,924,193,726
918187,927,209,726
918416,928,203,726
918738,933,204,726
919017,918,215,726
919788,912,201,726
920579,937,216,726
920773,930,218,726
922367,925,208,726
922557,934,203,726
925318,930,197,726
928070,917,192,726
928359,915,215,726
928876,916,193,726
930421,934,213,726
931581,909,204,726
933696,921,209,726
933714,914,210,726
937079,913,212,726
937917,929,188,726
939479,929,205,726
939704,919,209,726
941018,922,194,726
941332,912,211,726
941796,933,202,726
943055,937,194,726
943064,931,215,726
943465,929,190,726
943541,933,206,726
943992,926,215,726
944471,936,204,726
946634,932,190,726
946700,922,215,726
947325,927,211,726
947988,910,198,726
948397,916,191,726
949226,918,191,726
949941,937,188,726
951516,913,197,726
951672,913,194,726
952320,910,212,726
953317,928,201,726
955661,920,190,726
955835,917,198,726
955908,908,205,726
956600,935,204,726
961260,935,207,726
961763,913,198,726
962623,907,211,726
963664,928,198,726
963825,908,204,726
963986,923,190,726
965805,910,213,726
965818,934,214,726
966780,926,205,726
967161,907,204,726
967416,930,193,726
968428,908,215,726
968724,922,200,726
970666,922,198,726
970850,924,215,726
971117,936,204,726
975540,930,213,726
979616,921,193,726
979676,932,195,726
980317,918,204,726
980527,936,188,726
983949,924,191,726
986126,932,198,726
986903,916,206,726
988258,923,210,726
993683,931,192,726
994635,926,208,726
995100,921,204,726
995279,933,190,726
997241,910,198,726
997700,919,189,726
999505,931,197,726
999703,922,188,726
